0   0   2267.49   -0.0108698   -0.216424   2267.49   3.49816e-09   7.34369e-13   5.68157e-13   3.49816e-09
0   1   2376.32   -0.157695   0.962671   -2376.32   3.49391e-09   -2.64208e-13   1.37525e-13   -3.49391e-09
0   2   22.3194   2.34534   -0.46709   -22.1905   1.09198e-11   1.0559e-12   4.82854e-14   -1.0829e-11
0   3   94.484   -0.122364   -0.354875   94.4831   1.3098e-10   1.94539e-13   -4.4258e-13   1.30973e-10
0   4   1.17757   0.484238   1.04902   -0.179659   2.1653e-12   -5.83776e-13   1.23655e-12   -5.19866e-13
0   5   5.00543   0.772089   -0.475304   4.92065   2.93303e-11   2.69692e-12   -6.0657e-13   2.9181e-11
0   6   0.919411   0.507229   0.0518334   0.752243   2.77722e-12   -1.74341e-13   1.95847e-13   2.47014e-12
0   7   1.19051   0.478961   0.229099   -1.05639   3.64033e-12   1.0605e-12   6.05666e-13   -3.40313e-12
0   8   261.095   -0.564934   -0.730418   -261.094   4.43355e-10   -3.68066e-13   -8.73162e-13   -4.4335e-10
0   9   148.914   -0.817829   -1.01979   -148.908   1.83164e-10   -5.40892e-13   -8.43785e-13   -1.83157e-10
0   10   19.3568   -0.218118   -0.652116   -19.3441   2.40658e-11   6.24431e-13   -5.13531e-13   -2.40372e-11
0   11   3.47618   0.0717156   0.768955   -3.38643   2.23188e-12   3.91261e-13   2.63941e-13   -2.13736e-12
0   12   57.3476   -0.627172   -0.187411   57.3437   2.53354e-10   -6.83956e-13   -1.18328e-12   2.23566e-10
0   13   5.65955   -0.639637   0.510811   5.5983   9.79359e-12   -2.83368e-14   1.29189e-12   9.61955e-12
0   14   8.68551   -0.391595   0.3014   8.67032   1.65655e-11   -5.71188e-13   2.32748e-12   1.63507e-11
0   15   0.706707   0.165058   0.0632057   0.669862   1.43236e-11   -6.9642e-13   1.12218e-12   1.42135e-11
0   16   2.75442   0.0599879   0.263265   2.7376   5.61708e-11   -3.27517e-12   1.80976e-12   5.60348e-11
0   17   3956.87   1.56596   0.0922468   -3956.87   9.95424e-09   3.94555e-12   -4.32104e-14   -9.95424e-09
0   18   391.196   -0.246598   0.185598   -391.195   3.19034e-10   -4.30455e-13   -1.50442e-13   -3.19032e-10
0   19   52.9996   0.201321   0.0909141   -52.999   6.0231e-11   1.15416e-12   5.36248e-13   3.06859e-11
0   20   5438.96   0.611646   -0.758896   -5438.96   2.04254e-08   4.00854e-12   -2.4516e-12   -2.04254e-08
0   21   390.606   0.222921   0.500881   -390.605   2.87129e-09   7.20662e-13   -5.04879e-13   -2.87129e-09
0   22   17.0544   -0.219162   0.0551275   -17.0524   1.55669e-10   4.12131e-13   5.85084e-13   -1.55658e-10
0   23   16.2646   0.0169413   -0.18797   16.2629   1.7827e-10   2.22249e-13   -4.5276e-13   1.78258e-10
0   24   231.529   -0.219152   0.336784   231.529   5.43753e-10   1.82989e-13   6.79235e-13   5.43752e-10
0   25   1.77093   0.153748   1.01064   -1.43934   3.32033e-12   -5.61277e-13   7.55502e-13   -3.01373e-12
0   26   33.1957   -0.839539   -0.640274   -33.1786   6.74228e-11   -2.09881e-12   -5.23859e-13   -6.73808e-11
0   27   8.52306   -0.178093   0.0232734   -8.52003   6.48247e-11   -1.43111e-12   -2.14539e-13   -6.47985e-11
0   28   9.28791   -0.448687   -0.111677   -9.27535   1.38919e-10   -2.62608e-12   -1.89887e-13   -1.38885e-10
0   29   10.5962   -0.108309   0.0484891   -10.5946   1.37188e-10   -6.19875e-13   -2.36172e-14   -1.3718e-10
0   30   162.41   0.0988323   -0.920623   -162.407   1.45173e-10   -4.46137e-13   -5.67405e-14   -1.45165e-10
0   31   10.7486   0.237804   -0.27611   -10.7415   4.46486e-11   -3.28671e-13   -3.06905e-13   -4.46081e-11
0   32   7.57261   0.157074   -0.297787   -7.56383   3.10647e-11   -3.06935e-13   -9.25209e-13   -3.10054e-11
0   33   25.5499   0.755224   -0.891641   25.5228   2.42209e-11   -1.67783e-13   -1.00686e-12   2.41695e-11
0   34   1.29866   0.583848   -0.448776   1.06055   1.74197e-12   5.48931e-13   5.39985e-13   9.61111e-13
0   35   3.01975   0.144188   -0.0271402   -3.01295   3.69901e-12   4.30263e-13   -2.13401e-13   -3.45537e-12
0   36   0.952803   0.601306   0.0652555   0.722859   1.66453e-12   8.56065e-14   7.69651e-13   8.02944e-13
0   37   792.372   0.567009   -0.427198   -792.371   2.02982e-09   8.55699e-13   6.23063e-13   -2.02982e-09
0   38   136.176   -0.288315   0.275407   -136.175   3.12049e-10   -2.16157e-12   -8.93619e-13   -3.12038e-10
0   39   682.966   -0.584189   0.359845   -682.966   6.6973e-10   -1.04032e-12   -6.57516e-13   -6.69728e-10
0   40   1302.9   -0.228107   -0.0493053   -1302.9   2.88947e-09   -1.13409e-13   -7.76368e-13   -2.88947e-09
0   41   913.773   -0.0442237   0.58135   -913.772   7.41484e-10   -1.36516e-13   9.65048e-14   -7.41483e-10
0   42   4.01709   -0.520669   -0.245738   -3.97317   6.66611e-11   -8.30799e-12   2.85578e-12   -6.6064e-11
0   43   159.245   -0.0795183   -0.643053   159.244   5.08328e-10   2.25321e-13   -2.66602e-13   5.08325e-10
0   44   0.709815   0.67549   -0.0932749   0.139178   2.5141e-12   -5.69471e-13   9.6319e-13   1.24389e-13
0   45   1609.08   -0.283874   2.13052   1609.08   2.93144e-09   -8.34699e-13   3.41364e-12   2.93144e-09
0   46   8712.76   0.409983   -0.0941141   8712.76   1.15877e-08   5.99335e-13   5.74992e-14   1.15877e-08
0   47   1702.68   0.86264   -0.357702   1702.68   2.51514e-09   -4.80668e-13   4.07027e-13   2.51513e-09
0   48   0.492311   -0.246254   -0.148878   -0.374279   2.59851e-12   -4.01481e-13   3.99287e-13   -2.34326e-12
0   49   0.396034   0.0207355   -0.175584   0.325736   1.88427e-12   -1.19762e-14   -8.29506e-14   -2.46543e-14
0   50   0.859351   -0.313529   -0.456781   0.641916   2.62562e-12   2.15456e-13   1.4084e-13   1.63881e-12
0   51   1.24873   0.150797   0.11598   1.22623   5.52972e-12   -1.40594e-13   3.75544e-13   5.07684e-12
0   52   3.82424   0.0463636   -0.15147   3.81841   4.58284e-11   2.10043e-12   4.8301e-13   4.57244e-11
0   53   155.138   -0.101557   0.140806   155.138   9.04558e-10   -6.50515e-13   1.51748e-13   9.04555e-10
0   54   6.52014   0.737842   -0.808478   -6.42609   3.479e-11   2.04685e-12   -2.90326e-12   -3.45881e-11
0   55   9.35509   0.856233   -0.539755   -9.29912   3.07886e-11   1.21598e-12   -2.15058e-12   -3.06653e-11
0   56   7.54586   0.0667675   -0.224558   -7.54093   1.09915e-11   3.40921e-13   -1.43601e-13   -1.09229e-11
0   57   0.715751   -0.464699   -0.337721   -0.403509   2.4703e-12   -1.00062e-12   3.76326e-13   -2.01239e-12
0   58   39.9572   1.06029   -0.306046   39.9417   5.72264e-11   2.03697e-13   -5.4472e-13   5.71762e-11
0   59   0.443454   -0.0305982   -0.228532   -0.352149   1.92749e-12   1.13524e-13   -4.23383e-13   -1.07087e-12
0   60   0.669341   0.150717   -0.636701   -0.0208358   4.34355e-12   -3.22541e-12   -1.92744e-12   1.01442e-12
0   61   0.713188   -0.160284   -0.107998   -0.672163   2.5377e-12   -4.92254e-13   -7.99203e-13   -1.77832e-12
0   62   0.774569   0.134323   -0.626251   -0.412607   1.54812e-12   5.26997e-13   -8.01476e-13   5.38759e-13
0   63   12.8355   -0.0124864   -0.0463446   -12.8347   4.1987e-11   1.97318e-14   -3.17517e-13   -4.19635e-11
0   64   16.1253   -0.513386   0.0363051   -16.1164   1.13714e-11   5.78271e-13   3.69059e-13   -1.12343e-11
0   65   82.5057   -0.144112   -0.599153   -82.5033   8.85512e-10   -1.86955e-12   -3.9319e-12   -8.85501e-10
0   66   16.6301   0.0997929   0.175   -16.6283   9.80171e-11   -9.3141e-13   -7.19601e-13   -9.8006e-11
0   67   5.34877   0.129024   -0.0654637   5.34499   6.89079e-11   -6.76279e-13   7.0269e-14   6.88593e-11
0   68   32.7505   -0.448568   0.0363075   32.7472   1.42549e-10   -2.01645e-12   1.83763e-13   1.42527e-10
0   69   78.3403   0.428079   -0.693432   78.3359   6.02332e-11   1.21653e-13   -1.22682e-12   6.01956e-11
0   70   3.65435   0.239462   0.0855773   3.64282   1.70916e-11   3.27987e-13   -7.89346e-13   1.70151e-11
0   71   185.451   -0.344062   -0.159643   -185.45   1.68744e-09   7.39584e-13   -4.43207e-12   -1.68743e-09
0   72   8.64006   0.0949046   -0.17289   -8.63668   2.21461e-11   -6.23365e-14   -3.75244e-13   -2.2089e-11
0   73   1.77729   0.0196403   0.284058   -1.74877   4.19936e-12   3.40326e-13   4.72822e-13   -3.96423e-12
0   74   370.554   0.00278248   0.255401   370.554   5.58823e-09   2.33473e-13   -2.89237e-13   5.58823e-09
0   75   453.173   0.360277   0.0393509   453.173   9.84976e-10   -8.28578e-13   7.38826e-13   9.84975e-10
0   76   642.294   -1.06516   0.720537   642.292   9.20045e-10   -4.25548e-13   3.50391e-13   9.20044e-10
0   77   0.156189   -0.0326528   -0.00514578   -0.0618273   2.98516e-12   -6.34358e-13   1.38296e-12   2.29984e-12
0   78   0.550045   0.352356   -0.398001   0.0225975   2.99322e-12   -2.96741e-13   1.50453e-12   -1.20426e-12
0   79   9.02822   -0.190661   0.406873   -9.01595   1.99113e-11   -2.73565e-13   -2.69171e-13   -1.98712e-11
0   80   10.0795   -0.0442605   -0.0178599   -10.0784   1.9034e-11   3.17449e-13   7.75008e-13   -1.89906e-11
0   81   5.57491   0.654792   -0.246152   -5.52909   6.93197e-12   -3.1753e-13   4.48239e-13   -6.75917e-12
0   82   3.21436   -0.673756   0.561367   3.08926   6.145e-12   -1.93149e-13   1.53375e-12   5.67911e-12
0   83   112.311   0.143971   -0.168725   112.311   2.07804e-10   5.12379e-13   -1.65998e-13   2.07801e-10
0   84   0.2466   0.0935226   0.156144   -0.090577   1.34784e-12   -1.82022e-13   6.96616e-13   3.91442e-13
0   85   1.64976   0.0926658   0.500253   -1.56313   3.75166e-12   -6.92806e-13   3.39252e-13   -3.55117e-12
0   86   0.523084   -0.286251   0.216293   -0.35414   1.30801e-12   9.35022e-13   -3.96859e-13   -3.19225e-13
0   87   30.114   -0.184699   -0.0854255   30.113   1.44212e-10   -5.18435e-13   5.28942e-13   1.44207e-10
0   88   0.860065   0.0236243   -0.283659   0.799507   1.7617e-12   -2.94324e-13   -4.94077e-13   2.77579e-13
0   89   0.784505   0.00401883   -0.715059   -0.290933   1.63289e-12   5.90296e-13   -1.28258e-12   -7.47587e-14
0   90   7.05548   -0.216008   0.0328044   -7.05071   1.9349e-10   2.67003e-13   2.7701e-13   -1.93485e-10
0   91   25.7723   0.509557   -0.946311   -25.7495   1.47892e-10   9.35049e-13   -2.94235e-12   -1.47857e-10
0   92   0.679808   -0.113612   0.608254   0.244496   3.33032e-12   4.48369e-13   -7.2274e-13   2.27723e-12
0   93   111.659   0.187902   -1.26602   -111.652   8.25103e-11   -4.31044e-13   -6.5394e-13   -8.25025e-11
0   94   3.42214   -0.274322   -0.914374   3.28332   1.19797e-11   -1.78416e-12   -3.40489e-12   1.13259e-11
0   95   103.356   -0.0161188   0.0863213   103.356   5.93109e-10   -2.14341e-13   1.91742e-13   5.93108e-10
0   96   2.55542   0.801321   -0.0193076   -2.42243   1.51322e-11   5.03871e-13   -9.15193e-13   -1.49754e-11
0   97   6.70344   0.145326   -0.524956   -6.67982   8.04499e-12   8.8088e-13   -6.07055e-13   -7.9272e-12
0   98   8.52746   0.185131   -0.337768   -8.51762   4.77567e-12   -6.3234e-14   -1.56735e-13   -4.70064e-12
0   99   22.6058   0.667264   0.218831   -22.5945   1.02193e-10   3.41289e-13   -4.88667e-13   -1.02183e-10
0   100   525.718   0.0112207   -0.0421469   525.718   2.35287e-08   -7.25318e-13   2.50811e-12   2.35287e-08
0   101   216.834   -0.523633   0.420363   216.832   2.6585e-10   -5.04604e-13   1.29783e-13   2.65848e-10
0   102   4.45982   -0.309413   -0.297872   -4.4369   1.11071e-11   2.85844e-14   2.46452e-14   -1.10639e-11
0   103   0.46405   -0.224886   -0.177731   0.337195   1.90998e-12   -6.19339e-13   -5.94008e-13   2.82213e-13
0   104   1.19613   0.173996   -0.0731631   1.17286   4.30553e-12   -1.83461e-14   -7.10145e-13   3.97867e-12
0   105   77.1553   0.840699   0.19137   77.1503   1.59958e-10   1.41471e-12   2.0462e-13   1.59941e-10
0   106   1.93933   0.099029   0.261144   1.91403   5.66186e-12   -4.57776e-13   1.90202e-13   5.43864e-12
0   107   75.9229   0.135171   -0.132202   -75.9225   2.69992e-10   1.12445e-12   -1.35381e-13   -2.69988e-10
0   108   5066.75   -0.364756   -0.176906   -5066.75   2.85106e-09   -9.74846e-14   -5.79804e-13   -2.85106e-09
0   109   746.071   -0.0165872   0.0636908   -746.071   1.15373e-08   -7.68399e-13   -1.80232e-12   -1.15373e-08
0   110   1.70135   0.208485   -0.563882   -1.58546   1.59843e-12   1.70159e-13   -5.34725e-13   -9.98086e-13
0   111   30.3059   -0.161221   -0.284145   30.3039   2.10164e-10   -2.47538e-13   -4.30863e-13   2.1016e-10
0   112   3.01247   -0.512393   -0.0148473   2.96525   1.43021e-11   -1.67687e-13   -6.36994e-13   1.41869e-11
0   113   1.99647   -0.0563656   0.327065   1.96373   3.76404e-12   6.34153e-14   -6.25304e-13   3.51152e-12
0   114   215.331   0.483757   0.848188   215.329   5.97778e-10   -1.26575e-12   -1.83345e-13   5.97774e-10
0   115   167.106   4.12446   -4.72911   166.988   1.54313e-10   3.14939e-12   -2.69062e-12   1.54242e-10
0   116   30.4623   -0.0203694   -0.0784622   30.4619   5.46674e-11   1.68467e-13   2.80343e-13   5.46579e-11
0   117   1.6135   0.322539   0.0402303   1.57425   3.4584e-12   3.59152e-13   5.54093e-13   3.1118e-12
0   118   1.90951   -0.364156   0.455158   1.813   6.62713e-12   -1.27966e-13   5.48657e-13   6.42744e-12
0   119   0.574256   0.267543   -0.382673   -0.303763   1.46404e-12   2.62729e-13   -5.3544e-14   2.05438e-13
0   120   46.3032   0.237727   0.273589   -46.3016   6.98302e-11   6.00249e-14   2.06769e-13   -6.98288e-11
0   121   1.78364   -1.39718   0.5237   -0.967227   2.66573e-12   -1.28017e-12   2.35677e-13   -1.91352e-12
0   122   1057.69   -0.736579   0.574811   -1057.69   8.48183e-10   -8.14273e-14   4.74578e-13   -8.48182e-10
0   123   1145.69   0.321066   1.83047   -1145.68   2.45487e-09   -2.81195e-13   3.1158e-12   -2.45487e-09
0   124   50.375   0.00415278   0.109567   -50.3747   2.14545e-10   4.64281e-13   2.31184e-13   -2.14543e-10
0   125   41.4107   -0.0336984   -0.105801   -41.4103   1.60628e-10   1.03701e-13   -7.19455e-14   -1.60624e-10
0   126   11.5516   0.0794301   -0.288934   -11.5468   2.48061e-11   -5.12366e-13   6.19863e-13   -2.47776e-11
0   127   0.376884   -0.292717   -0.0827732   0.173283   2.94777e-12   -4.83488e-13   -7.0113e-13   1.7028e-12
0   128   1.6379   -0.0537048   0.240087   1.61329   3.51163e-12   1.20826e-13   3.27713e-13   3.34162e-12
0   129   122.606   -0.107479   -0.677503   122.604   2.192e-10   3.18382e-13   3.11145e-13   2.19197e-10
0   130   1310.01   0.0317723   -0.0575856   -1310.01   5.43054e-09   1.17531e-13   1.91689e-14   -5.43054e-09
0   131   450.928   -0.285652   0.0498973   -450.927   7.29639e-10   3.93087e-13   9.71833e-13   -7.29638e-10
0   132   284.341   -0.224763   0.331177   -284.341   9.99115e-10   -1.301e-14   1.02257e-12   -9.99113e-10
0   133   373.078   -0.739806   0.623387   373.077   4.43313e-10   -4.83794e-13   -5.48636e-15   1.32365e-10
0   134   0.245252   -0.0934612   0.128905   -0.123764   1.88523e-12   7.30558e-13   7.31322e-13   -5.52679e-14
0   135   1.37329   -0.0851982   -0.608647   -1.22014   1.73733e-12   3.54951e-13   -7.28434e-13   -1.23366e-12
0   136   3.1057   -0.0289428   0.389326   -3.07791   5.81464e-12   5.31347e-13   -1.4727e-13   -5.70994e-12
0   137   11.1877   0.203457   -0.247021   -11.1823   5.77769e-11   6.08681e-14   -4.40846e-13   -5.77637e-11
0   138   3.92518   0.032003   0.0187259   3.92252   1.52154e-11   8.6298e-13   -3.60498e-13   1.51139e-11
0   139   12.4939   0.197366   -0.319676   -12.4874   1.83038e-11   3.20775e-13   1.30556e-13   -1.82476e-11
0   140   498.842   -0.126307   0.560168   -498.842   6.57359e-10   -5.76378e-13   1.48361e-13   -6.57358e-10
0   141   123.244   0.36103   0.682219   -123.241   2.22141e-10   2.10898e-13   1.23365e-12   -2.22133e-10
0   142   482.288   -0.338879   0.115135   -482.288   1.79052e-09   -1.56594e-12   -1.09195e-12   -1.79052e-09
0   143   54.3445   -0.0391019   0.516704   -54.3418   6.32014e-10   -1.15176e-12   -3.54137e-13   -6.3201e-10
0   144   1.76026   -0.0879571   0.228283   -1.73758   1.53123e-11   4.84883e-13   2.36389e-13   -1.52376e-11
0   145   6.97749   0.2678   0.726975   -6.93294   7.28644e-12   -2.28539e-13   5.25127e-13   -7.11016e-12
0   146   0.368373   0.199261   -0.182791   -0.207608   2.00342e-12   4.5462e-13   8.09117e-13   -1.26541e-12
0   147   0.322462   0.209643   -0.158428   -0.124309   1.62174e-12   3.29551e-13   -6.6036e-13   2.93553e-13
0   148   6.83065   -0.209183   0.172569   6.82384   2.32991e-11   4.14894e-13   3.85934e-13   2.3248e-11
0   149   1344.06   0.380411   0.044251   1344.06   6.40736e-09   7.21305e-13   -2.52972e-13   6.40736e-09
