0   0   2340.88   -0.0289658   -0.227795   2340.88   3.49816e-09   7.34369e-13   5.68157e-13   3.49816e-09
0   1   2420.89   -0.175034   1.0065   -2420.89   3.49391e-09   -2.64208e-13   1.37525e-13   -3.49391e-09
0   2   21.764   2.24629   -0.455075   -21.6425   1.09198e-11   1.0559e-12   4.82854e-14   -1.0829e-11
0   3   102.892   -0.164833   -0.305131   102.891   1.3098e-10   1.94539e-13   -4.4258e-13   1.30973e-10
0   4   1.20599   0.494662   1.07328   -0.195704   2.1653e-12   -5.83776e-13   1.23655e-12   -5.19866e-13
0   5   4.97188   0.738022   -0.449192   4.89425   2.93303e-11   2.69692e-12   -6.0657e-13   2.9181e-11
0   6   0.788693   0.552184   0.0767965   0.540141   2.77722e-12   -1.74341e-13   1.95847e-13   2.47014e-12
0   7   1.14238   0.510018   0.17705   -0.997039   3.64033e-12   1.0605e-12   6.05666e-13   -3.40313e-12
0   8   270.409   -0.5695   -0.726828   -270.408   4.43355e-10   -3.68066e-13   -8.73162e-13   -4.4335e-10
0   9   149.404   -0.817083   -0.963094   -149.399   1.83164e-10   -5.40892e-13   -8.43785e-13   -1.83157e-10
0   10   20.9647   -0.219149   -0.700609   -20.9514   2.40658e-11   6.24431e-13   -5.13531e-13   -2.40372e-11
0   11   3.89343   0.0723567   0.795887   -3.80797   2.23188e-12   3.91261e-13   2.63941e-13   -2.13736e-12
0   12   57.3476   -0.627172   -0.187411   57.3437   2.53354e-10   -6.83956e-13   -1.18328e-12   2.23566e-10
0   13   5.81851   -0.668391   0.523855   5.75451   9.79359e-12   -2.83368e-14   1.29189e-12   9.61955e-12
0   14   8.57231   -0.355684   0.279041   8.55924   1.65655e-11   -5.71188e-13   2.32748e-12   1.63507e-11
0   15   0.633315   0.147743   0.0398047   0.598494   1.43236e-11   -6.9642e-13   1.12218e-12   1.42135e-11
0   16   2.83786   0.0514125   0.259327   2.82207   5.61708e-11   -3.27517e-12   1.80976e-12   5.60348e-11
0   17   3922.48   1.54578   0.0914066   -3922.48   9.95424e-09   3.94555e-12   -4.32104e-14   -9.95424e-09
0   18   362.415   -0.154395   0.177997   -362.415   3.19034e-10   -4.30455e-13   -1.50442e-13   -3.19032e-10
0   19   52.9996   0.201321   0.0909141   -52.999   6.0231e-11   1.15416e-12   5.36248e-13   3.06859e-11
0   20   5435.16   0.611436   -0.757926   -5435.16   2.04254e-08   4.00854e-12   -2.4516e-12   -2.04254e-08
0   21   418.375   0.212037   0.480159   -418.375   2.87129e-09   7.20662e-13   -5.04879e-13   -2.87129e-09
0   22   15.6592   -0.358343   0.0349533   -15.6545   1.55669e-10   4.12131e-13   5.85084e-13   -1.55658e-10
0   23   13.4702   0.110427   -0.2016   13.4675   1.7827e-10   2.22249e-13   -4.5276e-13   1.78258e-10
0   24   142.689   -0.141979   0.215394   142.689   5.43753e-10   1.82989e-13   6.79235e-13   5.43752e-10
0   25   1.98846   0.186015   1.09783   -1.64153   3.32033e-12   -5.61277e-13   7.55502e-13   -3.01373e-12
0   26   33.3219   -0.816425   -0.63961   -33.3054   6.74228e-11   -2.09881e-12   -5.23859e-13   -6.73808e-11
0   27   4.51898   -0.140028   0.0445983   -4.51443   6.48247e-11   -1.43111e-12   -2.14539e-13   -6.47985e-11
0   28   10.7519   -0.448119   -0.127107   -10.7409   1.38919e-10   -2.62608e-12   -1.89887e-13   -1.38885e-10
0   29   7.12877   -0.108559   0.0756174   -7.12618   1.37188e-10   -6.19875e-13   -2.36172e-14   -1.3718e-10
0   30   162.899   0.100477   -0.883763   -162.897   1.45173e-10   -4.46137e-13   -5.67405e-14   -1.45165e-10
0   31   13.2212   0.415003   -0.404171   -13.2078   4.46486e-11   -3.28671e-13   -3.06905e-13   -4.46081e-11
0   32   3.81104   0.161384   -0.23158   -3.798   3.10647e-11   -3.06935e-13   -9.25209e-13   -3.10054e-11
0   33   25.9598   0.753895   -0.887321   25.9333   2.42209e-11   -1.67783e-13   -1.00686e-12   2.41695e-11
0   34   1.34622   0.635448   -0.430064   1.0973   1.74197e-12   5.48931e-13   5.39985e-13   9.61111e-13
0   35   2.98365   0.122684   -0.047966   -2.97747   3.69901e-12   4.30263e-13   -2.13401e-13   -3.45537e-12
0   36   1.03121   0.646709   0.104525   0.784059   1.66453e-12   8.56065e-14   7.69651e-13   8.02944e-13
0   37   799.559   0.518714   -0.369729   -799.558   2.02982e-09   8.55699e-13   6.23063e-13   -2.02982e-09
0   38   133.325   -0.279509   0.260729   -133.324   3.12049e-10   -2.16157e-12   -8.93619e-13   -3.12038e-10
0   39   716.639   -0.624519   0.38685   -716.639   6.6973e-10   -1.04032e-12   -6.57516e-13   -6.69728e-10
0   40   1365.01   -0.268848   -0.0194911   -1365.01   2.88947e-09   -1.13409e-13   -7.76368e-13   -2.88947e-09
0   41   958.357   0.100911   0.608652   -958.356   7.41484e-10   -1.36516e-13   9.65048e-14   -7.41483e-10
0   42   4.01709   -0.520669   -0.245738   -3.97317   6.66611e-11   -8.30799e-12   2.85578e-12   -6.6064e-11
0   43   183.15   -0.10883   -0.728838   183.148   5.08328e-10   2.25321e-13   -2.66602e-13   5.08325e-10
0   44   0.644843   0.612464   -0.0767317   0.123866   2.5141e-12   -5.69471e-13   9.6319e-13   1.24389e-13
0   45   1650   -0.288117   2.17842   1650   2.93144e-09   -8.34699e-13   3.41364e-12   2.93144e-09
0   46   8666.22   0.407427   -0.0948095   8666.22   1.15877e-08   5.99335e-13   5.74992e-14   1.15877e-08
0   47   1686.24   0.839439   -0.344893   1686.24   2.51514e-09   -4.80668e-13   4.07027e-13   2.51513e-09
0   48   0.558371   -0.348527   -0.300204   -0.284085   2.59851e-12   -4.01481e-13   3.99287e-13   -2.34326e-12
0   49   0.503565   0.0512469   -0.18192   0.445395   1.88427e-12   -1.19762e-14   -8.29506e-14   -2.46543e-14
0   50   0.918461   -0.476491   -0.490276   0.597223   2.62562e-12   2.15456e-13   1.4084e-13   1.63881e-12
0   51   1.0422   0.22582   0.0649401   1.00573   5.52972e-12   -1.40594e-13   3.75544e-13   5.07684e-12
0   52   3.83005   0.0377582   -0.175068   3.82332   4.58284e-11   2.10043e-12   4.8301e-13   4.57244e-11
0   53   164.711   -0.110278   0.120532   164.71   9.04558e-10   -6.50515e-13   1.51748e-13   9.04555e-10
0   54   6.35539   0.705486   -0.801701   -6.26347   3.479e-11   2.04685e-12   -2.90326e-12   -3.45881e-11
0   55   9.61617   0.831652   -0.506332   -9.56573   3.07886e-11   1.21598e-12   -2.15058e-12   -3.06653e-11
0   56   5.75567   0.179567   -0.101329   -5.75028   1.09915e-11   3.40921e-13   -1.43601e-13   -1.09229e-11
0   57   0.730027   -0.329338   -0.458437   -0.441397   2.4703e-12   -1.00062e-12   3.76326e-13   -2.01239e-12
0   58   38.5904   1.01027   -0.304006   38.5758   5.72264e-11   2.03697e-13   -5.4472e-13   5.71762e-11
0   59   0.27483   -0.0208163   -0.127016   -0.198709   1.92749e-12   1.13524e-13   -4.23383e-13   -1.07087e-12
0   60   0.660605   0.146007   -0.628845   -0.0124465   4.34355e-12   -3.22541e-12   -1.92744e-12   1.01442e-12
0   61   0.58557   -0.149106   0.0337644   -0.547759   2.5377e-12   -4.92254e-13   -7.99203e-13   -1.77832e-12
0   62   0.791561   0.0891232   -0.658293   -0.40718   1.54812e-12   5.26997e-13   -8.01476e-13   5.38759e-13
0   63   13.9534   -0.0721145   0.052124   -13.9524   4.1987e-11   1.97318e-14   -3.17517e-13   -4.19635e-11
0   64   16.3043   -0.498361   -0.00289854   -16.2961   1.13714e-11   5.78271e-13   3.69059e-13   -1.12343e-11
0   65   86.6055   -0.160047   -0.612946   -86.603   8.85512e-10   -1.86955e-12   -3.9319e-12   -8.85501e-10
0   66   18.4397   0.135596   0.214672   -18.4374   9.80171e-11   -9.3141e-13   -7.19601e-13   -9.8006e-11
0   67   5.88837   0.172164   -0.0768066   5.88369   6.89079e-11   -6.76279e-13   7.0269e-14   6.88593e-11
0   68   35.5597   -0.486945   0.0323521   35.5561   1.42549e-10   -2.01645e-12   1.83763e-13   1.42527e-10
0   69   76.3083   0.41556   -0.676235   76.304   6.02332e-11   1.21653e-13   -1.22682e-12   6.01956e-11
0   70   3.41716   0.322547   0.11374   3.39713   1.70916e-11   3.27987e-13   -7.89346e-13   1.70151e-11
0   71   185.43   -0.34315   -0.162043   -185.43   1.68744e-09   7.39584e-13   -4.43207e-12   -1.68743e-09
0   72   7.07274   0.355192   -0.176496   -7.06023   2.21461e-11   -6.23365e-14   -3.75244e-13   -2.2089e-11
0   73   1.07527   -0.134334   0.10751   -1.0522   4.19936e-12   3.40326e-13   4.72822e-13   -3.96423e-12
0   74   305.257   -0.0294787   0.268286   305.257   5.58823e-09   2.33473e-13   -2.89237e-13   5.58823e-09
0   75   482.118   0.367733   0.0369407   482.118   9.84976e-10   -8.28578e-13   7.38826e-13   9.84975e-10
0   76   691.656   -1.13925   0.76362   691.655   9.20045e-10   -4.25548e-13   3.50391e-13   9.20044e-10
0   77   0.147682   -0.00724501   -0.0263664   -0.039781   2.98516e-12   -6.34358e-13   1.38296e-12   2.29984e-12
0   78   0.536071   0.315067   -0.410639   -0.000355931   2.99322e-12   -2.96741e-13   1.50453e-12   -1.20426e-12
0   79   10.4349   -0.28387   0.601685   -10.4128   1.99113e-11   -2.73565e-13   -2.69171e-13   -1.98712e-11
0   80   8.98834   -0.130289   0.0494345   -8.98617   1.9034e-11   3.17449e-13   7.75008e-13   -1.89906e-11
0   81   6.10141   0.69785   -0.286506   -6.05298   6.93197e-12   -3.1753e-13   4.48239e-13   -6.75917e-12
0   82   3.46312   -0.687071   0.567578   3.34358   6.145e-12   -1.93149e-13   1.53375e-12   5.67911e-12
0   83   121.933   0.279667   -0.00774587   121.932   2.07804e-10   5.12379e-13   -1.65998e-13   2.07801e-10
0   84   0.264198   0.0265953   0.18449   -0.124807   1.34784e-12   -1.82022e-13   6.96616e-13   3.91442e-13
0   85   1.31101   0.122488   0.503291   -1.19623   3.75166e-12   -6.92806e-13   3.39252e-13   -3.55117e-12
0   86   0.57459   -0.307745   0.210366   -0.414383   1.30801e-12   9.35022e-13   -3.96859e-13   -3.19225e-13
0   87   20.1747   -0.185608   -0.00214286   20.1733   1.44212e-10   -5.18435e-13   5.28942e-13   1.44207e-10
0   88   0.995279   0.0966332   -0.318738   0.927453   1.7617e-12   -2.94324e-13   -4.94077e-13   2.77579e-13
0   89   0.797443   -0.00610507   -0.727108   -0.296162   1.63289e-12   5.90296e-13   -1.28258e-12   -7.47587e-14
0   90   4.65827   -0.229545   0.0461698   -4.65029   1.9349e-10   2.67003e-13   2.7701e-13   -1.93485e-10
0   91   26.8737   0.520077   -0.965057   -26.851   1.47892e-10   9.35049e-13   -2.94235e-12   -1.47857e-10
0   92   0.646463   -0.0900189   0.556561   0.283849   3.33032e-12   4.48369e-13   -7.2274e-13   2.27723e-12
0   93   111.336   0.230215   -1.26653   -111.328   8.25103e-11   -4.31044e-13   -6.5394e-13   -8.25025e-11
0   94   3.36818   -0.264876   -0.890701   3.23445   1.19797e-11   -1.78416e-12   -3.40489e-12   1.13259e-11
0   95   38.2708   0.0751233   0.0791001   38.2704   5.93109e-10   -2.14341e-13   1.91742e-13   5.93108e-10
0   96   2.4977   0.772614   -0.00670045   -2.37109   1.51322e-11   5.03871e-13   -9.15193e-13   -1.49754e-11
0   97   7.20843   0.148224   -0.593173   -7.18109   8.04499e-12   8.8088e-13   -6.07055e-13   -7.9272e-12
0   98   9.79601   0.153669   -0.454122   -9.78328   4.77567e-12   -6.3234e-14   -1.56735e-13   -4.70064e-12
0   99   26.1279   0.650032   0.2061   -26.1186   1.02193e-10   3.41289e-13   -4.88667e-13   -1.02183e-10
0   100   525.718   0.0112207   -0.0421469   525.718   2.35287e-08   -7.25318e-13   2.50811e-12   2.35287e-08
0   101   244.68   -0.577247   0.455862   244.678   2.6585e-10   -5.04604e-13   1.29783e-13   2.65848e-10
0   102   3.33311   -0.460118   -0.370765   -3.27734   1.11071e-11   2.85844e-14   2.46452e-14   -1.10639e-11
0   103   0.448668   -0.301958   -0.163019   0.253119   1.90998e-12   -6.19339e-13   -5.94008e-13   2.82213e-13
0   104   1.08003   0.152147   -0.234078   1.03395   4.30553e-12   -1.83461e-14   -7.10145e-13   3.97867e-12
0   105   81.0754   0.884598   0.199782   81.0702   1.59958e-10   1.41471e-12   2.0462e-13   1.59941e-10
0   106   2.51085   0.126161   0.320291   2.48322   5.66186e-12   -4.57776e-13   1.90202e-13   5.43864e-12
0   107   97.5136   0.107131   -0.216337   -97.5132   2.69992e-10   1.12445e-12   -1.35381e-13   -2.69988e-10
0   108   5027.85   -0.363405   -0.17373   -5027.85   2.85106e-09   -9.74846e-14   -5.79804e-13   -2.85106e-09
0   109   650.016   -0.00195426   0.0869693   -650.016   1.15373e-08   -7.68399e-13   -1.80232e-12   -1.15373e-08
0   110   1.82512   0.257114   -0.562757   -1.71137   1.59843e-12   1.70159e-13   -5.34725e-13   -9.98086e-13
0   111   29.2324   -0.2184   -0.34587   29.2292   2.10164e-10   -2.47538e-13   -4.30863e-13   2.1016e-10
0   112   3.09674   -0.537635   -0.00400193   3.04652   1.43021e-11   -1.67687e-13   -6.36994e-13   1.41869e-11
0   113   2.31251   -0.12395   0.408434   2.26849   3.76404e-12   6.34153e-14   -6.25304e-13   3.51152e-12
0   114   213.158   0.452682   0.80549   213.156   5.97778e-10   -1.26575e-12   -1.83345e-13   5.97774e-10
0   115   166.98   4.11971   -4.72391   166.863   1.54313e-10   3.14939e-12   -2.69062e-12   1.54242e-10
0   116   18.9095   -0.037947   -0.0452684   18.9088   5.46674e-11   1.68467e-13   2.80343e-13   5.46579e-11
0   117   1.95859   0.406246   -0.00610157   1.9109   3.4584e-12   3.59152e-13   5.54093e-13   3.1118e-12
0   118   1.58918   -0.388783   0.462689   1.46315   6.62713e-12   -1.27966e-13   5.48657e-13   6.42744e-12
0   119   0.776014   0.348641   -0.503996   -0.455143   1.46404e-12   2.62729e-13   -5.3544e-14   2.05438e-13
0   120   54.7212   0.34807   0.344946   -54.7189   6.98302e-11   6.00249e-14   2.06769e-13   -6.98288e-11
0   121   1.85268   -1.42348   0.598387   -1.0142   2.66573e-12   -1.28017e-12   2.35677e-13   -1.91352e-12
0   122   1098.98   -0.85137   0.570317   -1098.98   8.48183e-10   -8.14273e-14   4.74578e-13   -8.48182e-10
0   123   1206.47   0.355007   1.9292   -1206.47   2.45487e-09   -2.81195e-13   3.1158e-12   -2.45487e-09
0   124   32.8947   0.0401332   0.104247   -32.8942   2.14545e-10   4.64281e-13   2.31184e-13   -2.14543e-10
0   125   23.9542   -0.0372264   -0.202124   -23.9529   1.60628e-10   1.03701e-13   -7.19455e-14   -1.60624e-10
0   126   14.0244   -0.0687415   -0.33223   -14.0196   2.48061e-11   -5.12366e-13   6.19863e-13   -2.47776e-11
0   127   0.344103   -0.292602   -0.0524185   0.102779   2.94777e-12   -4.83488e-13   -7.0113e-13   1.7028e-12
0   128   1.08822   -0.174829   0.231683   1.03948   3.51163e-12   1.20826e-13   3.27713e-13   3.34162e-12
0   129   129.955   -0.149295   -0.814716   129.953   2.192e-10   3.18382e-13   3.11145e-13   2.19197e-10
0   130   1265.44   0.100852   -0.145308   -1265.44   5.43054e-09   1.17531e-13   1.91689e-14   -5.43054e-09
0   131   512.453   -0.294373   -0.00857373   -512.453   7.29639e-10   3.93087e-13   9.71833e-13   -7.29638e-10
0   132   204.783   -0.264674   0.353014   -204.783   9.99115e-10   -1.301e-14   1.02257e-12   -9.99113e-10
0   133   373.078   -0.739806   0.623387   373.077   4.43313e-10   -4.83794e-13   -5.48636e-15   1.32365e-10
0   134   0.280959   -0.141492   0.176713   -0.0906143   1.88523e-12   7.30558e-13   7.31322e-13   -5.52679e-14
0   135   1.42066   -0.112536   -0.607744   -1.27152   1.73733e-12   3.54951e-13   -7.28434e-13   -1.23366e-12
0   136   2.04943   -0.0344357   0.525133   -1.97579   5.81464e-12   5.31347e-13   -1.4727e-13   -5.70994e-12
0   137   6.23559   0.168028   -0.208084   -6.22829   5.77769e-11   6.08681e-14   -4.40846e-13   -5.77637e-11
0   138   4.06462   0.0333277   0.0288997   4.06198   1.52154e-11   8.6298e-13   -3.60498e-13   1.51139e-11
0   139   18.8771   0.344099   -0.421111   -18.8688   1.83038e-11   3.20775e-13   1.30556e-13   -1.82476e-11
0   140   408.012   -0.134117   0.393833   -408.011   6.57359e-10   -5.76378e-13   1.48361e-13   -6.57358e-10
0   141   135.669   0.365208   0.707751   -135.667   2.22141e-10   2.10898e-13   1.23365e-12   -2.22133e-10
0   142   487.802   -0.332513   0.108434   -487.802   1.79052e-09   -1.56594e-12   -1.09195e-12   -1.79052e-09
0   143   65.0899   -0.0505866   0.487436   -65.0879   6.32014e-10   -1.15176e-12   -3.54137e-13   -6.3201e-10
0   144   0.992952   -0.0798813   0.253448   -0.946497   1.53123e-11   4.84883e-13   2.36389e-13   -1.52376e-11
0   145   7.69951   0.279486   0.702691   -7.66101   7.28644e-12   -2.28539e-13   5.25127e-13   -7.11016e-12
0   146   0.415606   0.220027   -0.185777   -0.265187   2.00342e-12   4.5462e-13   8.09117e-13   -1.26541e-12
0   147   0.382246   0.350113   -0.00895764   -0.0630325   1.62174e-12   3.29551e-13   -6.6036e-13   2.93553e-13
0   148   7.45212   -0.220837   0.176365   7.44545   2.32991e-11   4.14894e-13   3.85934e-13   2.3248e-11
0   149   1369.4   0.442716   0.0423797   1369.4   6.40736e-09   7.21305e-13   -2.52972e-13   6.40736e-09
